[[495.90682815 509.00793261 514.57562448 ...   0.           0.
    0.        ]
 [502.45833483 512.4233362  518.67228461 ...   0.           0.
    0.        ]
 [500.90947117 511.07973872 502.7788065  ...   0.           0.
    0.        ]
 ...
 [  0.           0.           0.         ...   0.           0.
    0.        ]
 [  0.           0.           0.         ...   0.           0.
    0.        ]
 [  0.           0.           0.         ...   0.           0.
    0.        ]]
Elpased time = 0.06195688247680664
